-2.9 -2.6999999999999997 -2.4999999999999996 -2.2999999999999994 -2.099999999999999 -1.899999999999999 -1.6999999999999988 -1.4999999999999987 -1.2999999999999985 -1.0999999999999983 -0.8999999999999981 -0.699999999999998 -0.4999999999999978 -0.2999999999999976 -0.09999999999999742 0.10000000000000275 0.30000000000000293 0.5000000000000031 0.7000000000000033 0.9000000000000035 1.1000000000000036 1.3000000000000038 1.500000000000004 1.7000000000000042 1.9000000000000044 2.1000000000000045 2.3000000000000047
-0.2463854255996285 -0.1909158711511539 0.0707003524538848 0.2680111786922918 0.421876591702146 0.6853732372887676 0.7036403474297777 0.6282902629991174 0.6574507839097882 0.7363593964443147 0.8910137400453847 0.9488406798218024 0.883617186440551 0.48643260844912584 0.20963560869101522 -0.13622664908520515 0.17984922499603617 0.024269157543589836 -0.36720689232640774 0.034029147451534084 -0.3454520323340558 0.3771215972757486 0.27883553963162117 0.5920865406767761 -0.5923425779453894 0.20649073990094946 0.9619935674812627
0.02700956122371954 0.04049304201240358 0.058451130771835565 0.055415781175777105 0.08576154706392144 0.11404545005546589 0.08194995828620041 0.06562084177797842 0.030686448727019134 0.02383502309640442 0.028241506989016334 0.04173561543370252 0.06453940136775865 0.0904643417633905 0.09749728329860648 0.11605896559969352 0.18971931822808974 0.14529645583126122 0.19352298719924602 0.21093481625677662 0.28301611258121695 0.3333671697834612 0.4344806610434158 0.3923318738528431 0.5269382214688535 0.7272461499708088 0.7898397285940886
0.08541173206871842 0.22545571625923952 0.3742698521504973 0.3675867072489849 0.6243534869000511 0.7478460277150717 0.7860363865662446 0.9463972390784428 0.6414862470879643 0.6479444828984438 0.7161324507644192 0.9019142781657064 1.0702648926550278 1.23044807658692 1.194092976945811 1.3283555766380026 1.8971931822808974 1.5029582257176823 1.7946583533945062 1.9447229160702584 2.2463707527424757 2.21130763918889 2.782033651422942 2.542601142160739 2.1726219452911946 2.5192545627165925 2.847807640844547
-2.9 -2.6999999999999997 -2.4999999999999996 -2.2999999999999994 -2.099999999999999 -1.899999999999999 -1.6999999999999988 -1.4999999999999987 -1.2999999999999985 -1.0999999999999983 -0.8999999999999981 -0.699999999999998 -0.4999999999999978 -0.2999999999999976 -0.09999999999999742 0.10000000000000275 0.30000000000000293 0.5000000000000031 0.7000000000000033 0.9000000000000035 1.1000000000000036 1.3000000000000038 1.500000000000004 1.7000000000000042 1.9000000000000044 2.1000000000000045 2.3000000000000047 2.500000000000005 2.700000000000005 2.9000000000000052 3.1000000000000054 3.3000000000000056 3.5000000000000058 3.700000000000006 3.900000000000006 4.100000000000007
-0.18385139286756916 -0.14316520585933062 0.014728522939574808 0.2904488931238521 0.41202762612873806 0.4701618680505387 0.5685038053947458 0.7352130932419038 0.8126039317517504 0.9431612590363009 1.0782583231631233 1.385391008283413 1.5654195899641734 1.6786786031372531 1.7688705945322527 1.5431967755075497 1.2451015501095748 1.2061284334826252 1.2384279133593101 1.1941433160763089 1.1338013011719952 1.113234079577744 0.9876121198996914 0.9030703542507555 0.7080114896949273 0.49848109133755397 0.3208998129197745 0.10712432295529359 0.16539521842520857 0.1408116864630517 0.08810917086877307 -0.34055447481918644 -0.5024457435039448 -0.5577455465846747 -2.173114603660317 -3.3553321882208547
0.02782522163889901 0.003999204950525905 0.005300395120946847 0.006181283425335984 0.007544788702189121 0.009493632328308618 0.008007144085360183 0.006836727128674318 0.0076144255701936295 0.010117796310753824 0.013368035880926507 0.015610751283187362 0.017665810910220493 0.02008374470474475 0.020906129490394835 0.01806045076010527 0.01442316536211375 0.01419320384109599 0.018430914843202046 0.021553517784097483 0.024426127830847858 0.025284343130892343 0.024537868654229845 0.022785753471330668 0.022593573170228483 0.0230254739570274 0.02486031057970174 0.02721387592348742 0.029795475803564727 0.03758305222308193 0.049448191229795165 0.09167444838502008 0.1356570906262241 0.22690686392230897 0.49764007573331154 0.8591704115093002
0.1646162311981564 0.19428070145460596 0.2798688931724676 0.29560497553622195 0.40108198927461625 0.5351074724317382 0.563523209164998 0.6039968868118283 0.7142558477510699 0.8987770074100504 1.1218801057504588 1.2715816967758817 1.3775934819744033 1.4650124709588979 1.5300087700538199 1.5372616051321795 1.4972329428320672 1.5282594436080588 1.7774130595344177 1.9181419917841587 2.0289865631840813 2.022905471443502 1.9473237722538332 1.8059776039064852 1.6872725543117382 1.5669169155796852 1.4945161900156514 1.42918197861028 1.3079501210295763 1.3105658130418063 1.2922923158707558 1.6729016988664747 1.7478193486085691 1.97812817886616 2.901715342548112 2.849545885951595
-1.9 -1.7000000000000002 -1.5 -1.3000000000000003 -1.1 -0.9000000000000002 -0.7000000000000003 -0.5000000000000003 -0.3000000000000004 -0.10000000000000042 0.09999999999999942 0.2999999999999994 0.49999999999999956 0.6999999999999995 0.8999999999999992 1.0999999999999992 1.2999999999999994 1.4999999999999993 1.699999999999999 1.899999999999999 2.099999999999999 2.299999999999999 2.4999999999999987
20.665142843106004 20.403879057217285 20.242951243371724 20.299431041177332 20.243112532881224 20.397708800770054 20.381762049862676 20.45748978791659 20.448951703755274 20.166048618961597 20.12758905237744 19.82726993599583 19.887117893125453 19.84264642363707 19.712211467380875 19.733759819222914 19.38536825670159 19.33419052817115 19.333721506347935 19.403773204199375 18.96603311553149 18.817643177398594 18.68394586085679
0.9489114191808216 0.9421883645349514 0.5981259384812231 0.6327569662937687 0.6572845088271171 0.6713120123506766 0.6763943578756014 0.7433221257928563 0.8493400821858343 0.9443532484709356 0.9409990690945987 0.8581575692766706 0.8351074042684619 1.0936797281574757 0.8247352695930409 0.9020256808023993 0.8117884013928008 0.9548817015491019 0.8801371168241618 0.6616643423552836 0.6760015715997307 0.8431828967782393 0.6548907702280008
0.14470763479735824 0.09822992738119948 0.04147257193036672 0.030303562723648286 0.024194977125044828 0.026515230307553088 0.03136703726196395 0.04523714397660445 0.06295727555331332 0.07710611985645102 0.08221547039822112 0.0866870052231569 0.08149813767454521 0.11862622206809233 0.08998599526690289 0.114557376019338 0.11969166988521138 0.15914695025818365 0.13745432451222092 0.1654160855888209 0.20382214278971617 0.2666378437917887 0.29287605601340105
20.407194495527097 20.160243973689212 20.039228462154952 20.126383287878205 20.083065741889225 20.2419696320767 20.252974005872176 20.356718350768464 20.393635136637513 20.163279191758107 20.192218071321854 19.881061416667865 19.99484181861949 20.059583005037926 19.87708895287747 20.016030608836086 19.77933023199511 19.559773184609707 19.61753945330497 19.825138056594408 19.392869983085863 19.36335961327111 19.488189891343374
0.9371572235925305 0.939955936390837 0.6036507280131483 0.645168191450616 0.6704170845858397 0.6920791690236 0.6814307867765242 0.7385268377738308 0.8673047226604247 0.9460303522755173 0.9316888602320084 0.9072062404301064 0.8785323137693304 1.1002894994445773 0.8555845331208849 0.9277175724219122 0.7958252275710646 0.9315474955546941 0.976842620572637 0.6243711396043544 0.8182796911142081 0.7863938739610333 0.08141512868598273
0.14291513677473403 0.09799718065800221 0.04195662594892941 0.030933447108626673 0.024695130709087378 0.02729293815420509 0.031532856226016155 0.04486231047085156 0.06411300993899424 0.07724305480868121 0.08171451863655088 0.09164166922041167 0.08614718098522375 0.1200514266088059 0.09335192586809303 0.1187820634318221 0.1227984985985594 0.14205966126900926 0.14896710307728214 0.14716568893047052 0.23621699996859594 0.21810641809825165 0.040707564342991366
20.158248456699845 19.94030447190351 19.83770357258192 19.927909722147753 19.898899364570326 20.078719856135347 20.098546191367635 20.224849767374934 20.330936861708015 20.104715641477107 20.17070954433327 19.86869238006689 20.01986180011576 20.106155878864154 19.922773529072327 20.117664962478166 19.851479779579368 19.752230381220176 19.85779731916215 20.010322464765913 19.508861155079916 19.500823116101017 19.249222889292003
0.9615656798486175 0.9662085308855264 0.6133974660490891 0.6560959268606303 0.6797989122421866 0.7096756607699863 0.7058566075547854 0.7680888408048371 0.9225056668796785 0.964600557732798 0.9476177968766275 0.9199606818652644 0.8820555255582266 1.1318676400968943 0.8601189621273397 0.9499104888648058 0.8244715258423674 0.9733047700362012 1.080291636270277 0.5584076726292487 0.9686292034248692 0.6867949515695987 0.5595438368417549
0.14663739145781324 0.10073420283727129 0.042531461847686004 0.03142129621868229 0.02505772035323981 0.02805239360022701 0.03273331637524746 0.04665807426748613 0.06800802004435885 0.07875930573498072 0.08311157879887057 0.09199606818652643 0.08607980517369301 0.12349688422416791 0.09384667263369977 0.12263291679203796 0.1287608197608416 0.1622174616727002 0.17524644447144117 0.13543375390621884 0.27961916567114053 0.19048264720107658 0.250235611113843
19.90930723157405 19.710378427426736 19.6397476430397 19.78512030735388 19.791033785241225 19.994862356519086 20.043938354356047 20.204531527024592 20.300073690559746 20.084310307252494 20.16401581042514 19.896255099940152 20.05917141225989 20.18490983188242 20.003870359479556 20.125212076483646 19.83506986443667 19.833233017049963 19.876924199706966 19.997214771280213 19.688490961267906 19.49575727332404 19.834650903532363
1.0150267558717836 0.9960779351020133 0.6264498104037176 0.6724385599636349 0.695343262417682 0.7255076644068849 0.7385699060112979 0.8026800677917735 0.9166335067772874 0.9916909395371006 0.9760561653401557 0.9429081070587984 0.8336208036179249 1.116922350145949 0.8702373069179007 0.9385337323616747 0.8694016743740087 0.9913132087567385 1.1323919059165881 0.5931055053653741 0.9851069149455096 0.7092915552092621 0.2223846192287939
0.15479012911978873 0.10384830349648863 0.043541271717498914 0.03224096120062418 0.025665588147796188 0.02872312349068842 0.03436138179094977 0.049123222394202574 0.06794539605273331 0.08151649308989883 0.08627199166637026 0.0947658303908574 0.08058916488850172 0.12259815522971591 0.0972954887412387 0.12218668453493445 0.13415159081856134 0.16521886812612308 0.18132782527824717 0.13979630826764344 0.2970209104780732 0.2047548351669979 0.09078814062561225
19.18682239701674 19.095035149426586 19.108320439826 19.3196259945835 19.434490396168428 19.76804463804273 19.928884408603402 20.15812005427416 20.27097869392092 20.106624914413374 20.21857704669005 20.12799109211355 20.298016824700518 20.440159817222966 20.4656051001743 20.625284725394003 20.516556760545637 20.50012196797044 20.72865550871838 20.98146626426581 20.677083616848677 20.9020087649089 20.93564192735506
0.960895086846705 0.946543978972364 0.6116468165927414 0.6204604583345378 0.6410728634490565 0.6545084711853064 0.6538976906734858 0.7125253097743008 0.83980868720152 0.9058700596724584 0.8820447706402951 0.7854615642853904 0.7450200498038908 1.000280925941417 0.7604529635913162 0.8438354927870579 0.8022925959230697 0.7849796444099095 0.8451387433739384 0.5003203341819089 0.7481813286726431 0.807064635418464 0.6163707646981986
0.14653512698374652 0.0986840315773373 0.0424100761480663 0.029680648849849382 0.023582246488826578 0.025811294466016134 0.030258776484211176 0.04281149669593949 0.061412893449287874 0.07396398064873574 0.07706460942650806 0.07777228379797944 0.0713599786718938 0.1072413719060949 0.08200175195482501 0.10466491138479667 0.11461322798900996 0.11970827351270759 0.12888245009721966 0.11478135663670733 0.2159813457559012 0.2238394558165325 0.23296625125744902
19.2543667855088 19.39422383198663 19.35102441253027 19.57874199527832 19.815838130511263 20.083523554940655 20.144631204076973 20.181007540633942 20.26647636537132 20.315339603005615 21.144390622979817 22.038472295296273 22.066775679639143 21.25678734863745 20.94712835331326 20.83178250694993 20.734888287676004 20.688688878834633 20.72133387662349 20.78103666827628 20.947146308623722 21.065198522969126 21.27747644269024
1.0426609420205992 1.0973074926500272 0.957684000175463 1.1245855320601668 1.2454020908611956 1.3991341442036183 1.3179200755393194 1.3326630095610226 1.4025019057699026 1.631972257163362 2.316779239837978 2.5491852710783394 2.507720779652674 2.4988393126191233 2.4382605526127032 2.386181407158288 2.294148268465123 2.1707972349690943 2.04409158104977 1.9308925972650597 1.791842413117643 1.7774669538909136 1.6868487424709366
0.018498414125387146 0.015591725516706225 0.010840162139340198 0.01198880325327503 0.014019856512163371 0.016671723962367557 0.016179630897903658 0.017089637140420083 0.019226792113902057 0.022299364553177714 0.027218579611588085 0.024556847269123678 0.02328962686998499 0.02591175660079411 0.02739791548701722 0.02872624843181517 0.028674613239155867 0.02735381665113964 0.025790002455110365 0.02585578901800853 0.026330701014274198 0.02956701360218904 0.03212025694861687
19.008908678162754 19.16310404326284 19.132708242836916 19.37577650670016 19.62427395721104 19.903241823733186 19.965373505867166 20.01124339681952 20.109856691162385 20.176602957515247 21.041069618552534 21.970954139449738 22.01949661716961 21.2429581787817 20.96878978264087 20.88749262354422 20.821948780752475 20.819998442707405 20.89666607040899 21.005824800635327 21.206043551829005 21.353265020647545 21.592854306404845
1.045399474561364 1.104173653035481 0.9641805426207177 1.1389367516299138 1.2707536771336871 1.4366864546027087 1.3581828082512444 1.367876578466922 1.4332795919687435 1.6517746933436084 2.342792099766706 2.5770453298732128 2.5330297391038465 2.526955802614442 2.4790036921081127 2.4369145320174757 2.3502408807048534 2.2310391902314306 2.0962544962782856 1.9813545432073847 1.830080133669492 1.810425806977702 1.722869753128193
0.018546999918710085 0.01568928731119023 0.010913697432233015 0.012141796460960226 0.014305246752395171 0.017119187671059428 0.016673921990596297 0.017541204498937243 0.019648721076606163 0.022569946201539737 0.027524190559200298 0.024825229177844303 0.023524675455484624 0.026203311020299276 0.02785573247108598 0.029337003483403182 0.02937571612062931 0.02811291444821029 0.026448134274780717 0.026531504192208767 0.02689259528574996 0.030115262814584483 0.03280615372686928
18.75425964970368 18.926419380844962 18.911799734482997 19.171756475483416 19.43336367114884 19.723785220884093 19.789947743059816 19.847282836418785 19.95877116017404 20.04000898862977 20.931331706845402 21.89082804516717 21.96269816691383 21.224471011823933 20.98987180959752 20.941032070630285 20.91203644992865 20.960846586831952 21.08825543337056 21.256843198173236 21.49258155535078 21.676963399328258 21.96483565081645
1.0472836690923382 1.107504266508851 0.9691010209023218 1.1477627039796452 1.2869881363179934 1.4643002482484562 1.3908605367661162 1.400422292685009 1.4651922798136219 1.6746894383896451 2.3608229565284757 2.595292446893408 2.546447580004114 2.537856587551364 2.490042532527827 2.4523742235283055 2.362899856514023 2.239193041634774 2.10452234847569 1.994422350183369 1.8573865812576884 1.850112182599312 1.7728151539648085
0.018580428437341662 0.015736612251033313 0.010969393029492567 0.012235886775326861 0.014488002819681968 0.017448226560663343 0.01707509471401518 0.017958560156348436 0.02008620969067867 0.022883054620620874 0.02773602529157199 0.02500100756117743 0.023649289212527916 0.02631634689444161 0.027979772215964732 0.02952311629850059 0.029533940957411384 0.028215659629885845 0.026552448548390728 0.026706489823505757 0.027293857083072727 0.030775420014839103 0.033757192825919616
18.54735573392 18.75402835947247 18.750996022056306 19.041379679776718 19.326358790866323 19.634115665841215 19.703945032915787 19.76711377457374 19.88157663823817 19.96106844409757 20.882266466419924 21.903851353093366 22.01707265988277 21.236157209459613 20.968484435189342 20.91493125983665 20.885424823802676 20.949578430465056 21.078594367348053 21.235205158310563 21.454631046211787 21.64304200069643 21.941730164446277
1.1104832684618064 1.1802951391253043 1.0351882928205136 1.2143620378531277 1.3566500519231626 1.5442086664264991 1.4788915251543255 1.515306473085992 1.599316586769813 1.8268218316518234 2.523010787170609 2.7856230925092507 2.748430424210403 2.7398528182216375 2.6783252457587063 2.6273677309681673 2.521624336447163 2.3755390905339366 2.2255353723000466 2.0904402851542514 1.9413716216858172 1.9322916236049836 1.8350900103193213
0.0197016868585398 0.01677090328937879 0.011717444310299814 0.01294587840143791 0.015272207429834464 0.018400394796749136 0.018155819506158598 0.019431797533045848 0.02192490962873847 0.024961800556901288 0.02964148192915494 0.026834503403182202 0.02552513803663596 0.028410950231668588 0.030095441872039146 0.03162979056626246 0.03151784197036291 0.02993373111192738 0.02807925204900869 0.02799222651961636 0.028527997414273604 0.032142421884953254 0.03494300417769209
17.743760075711762 18.0649925345919 18.207531029409594 18.605950532883583 19.020653215843456 19.468246894386148 19.73098840438629 19.951415913440407 20.211161259724093 20.436546142492762 21.400315101966047 22.416811549326116 22.5982731157173 21.965254524654547 21.81972666354083 21.866423405518045 21.93912876798039 22.061572799756345 22.26578107665827 22.480094229527 22.77680937996707 23.032136360759914 23.377705093676283
1.004091403062308 1.0508512915444777 0.9194682848455937 1.0698032741212766 1.1713184058466402 1.301108133016462 1.226009685594099 1.2543894539032885 1.3281034611119356 1.5695120675835084 2.2272622907046493 2.438414084829475 2.3826843949548437 2.3462763738905705 2.254813380248052 2.1836369633249655 2.090842090641369 1.992306918294196 1.8945124705575072 1.8170034203995489 1.7120109000173933 1.7101191556455027 1.63656990528944
0.017814130984510054 0.014931625826292783 0.010407592992971717 0.01140478923791032 0.01318587474722338 0.015503671130253706 0.01505128008771699 0.016085882512067506 0.018206869486238217 0.021445904862678625 0.026166893648301236 0.023489764725773528 0.022128392824946018 0.02432975262211784 0.025336581180725244 0.02628789986594945 0.02613348453428471 0.02510469300307191 0.023902784845786063 0.02433074586820299 0.025157595786062494 0.028446726520372636 0.03116286869637696
17.25 17.75 18.25 18.75 19.25 19.75 20.25 20.75 21.25 21.75 22.25 22.75
-0.6048581175055671 1.5371002402989968 0.4034495605035763 0.6743832500176014 0.7350753124493189 0.7452380530557831 0.7189749946196095 0.5393564476917772 0.31238514558045527 0.02479479104015366 -0.1369184717128679 -0.425348355278634
0.6915056272968169 0.7267739151047437 0.31008431262594066 0.1360776905511843 0.06492936392051998 0.03702695326295349 0.03211000657072656 0.03288279798747525 0.04543478154182195 0.06345448455188821 0.1332242374651435 0.21923251894567947
1.6938359411404 2.180321745314231 2.5381494878669066 1.8205954185288264 1.3066782431589445 1.1175762564991054 1.024505474542523 0.9643129300165956 0.9366620168689777 0.8465884162535865 1.031950506027366 0.9039188321832614
-0.6783164667305852 2.058557437136849 1.0470309111801601 0.8846193405763567 0.8629568252606191 0.836312081981229 0.6495031138846435 0.38392101222970804 0.11416009535449904 -0.18458466747743418 -0.6058659000246447 -0.6076552218528365
0.8091772896703231 0.4446201021346714 0.2704440133164469 0.12692269503124548 0.04900420111727373 0.03637824846173148 0.030690496582682046 0.03761208088604548 0.05123232557095116 0.08527434130813584 0.18157696283885433 0.2619777141266144
1.8093754255518808 1.2575755570851261 2.1294782903330582 1.7402763161725134 1.148205137682755 1.1532535913445863 0.9854469465612334 1.0190028328599317 0.9584690470707844 1.068484434060329 1.1906797712452561 1.0479108565064577
0.9013721649287298 1.324131878225261 1.495288247677759 0.9714522717851275 0.9595247927562848 0.7609933237756368 0.5712242078134957 0.26538525987031436 -0.20121711565974176 -0.3361014718834643 -0.7909082626545253 -0.5129269710391997
0.6217797906769055 0.3822649020544964 0.21900921285970526 0.08587277512325309 0.03981450856509143 0.03288340867419342 0.031264833390781725 0.04254962689604715 0.0709327931763398 0.09968158697384051 0.2155591042863751 0.27089068874886985
0.8793294127847838 1.833278067529003 1.724480266538448 1.3658901044243292 1.0939937361206429 1.0403844888309577 0.9732356461503998 1.0491740634363937 1.1805569609044195 1.1752285780415836 1.2752648589316855 0.9767102683298062
2.235047678703255 1.2551947169270041 1.4381955939369129 1.0666899225855646 0.9025719549608359 0.7284857056581903 0.5278531477148449 0.1444228929287918 -0.19759527895646328 -0.48756426923671176 -0.6204752406835908 -1.1528705419758032
0.6518037939426383 0.359702250872465 0.18233616231918115 0.061579991907390295 0.037020997991293006 0.03225556049921362 0.03317132841339038 0.04863884112059884 0.0650887188054387 0.11765772718989809 0.1933224557567635 0.4123120638849898
1.9554113818279149 1.6871531063361709 1.6810563546738628 1.1437975844280392 1.069772328136484 0.9820745576333727 0.9918171724999754 1.160217340199979 1.0515404335575667 1.2672125035009432 1.0763738796972913 1.428290886444774
0.13820107169023327 0.021938061348599873 0.5092501882093265 0.6580044874788719 0.7892592539513602 0.8422300444537644 0.683856387287495 0.27952095642123037 -0.17427364462135497 -0.4820111670896835 -0.25925017644595233 -0.0547903546491885
0.0989114206104235 0.0799486558014087 0.06941098146106374 0.034191207583853585 0.03493412402544711 0.03973099532746383 0.04113447942073048 0.06475630095441669 0.09147395454719681 0.20025928646725605 0.3277531659191772 0.8350937558425163
0.5043512638097329 0.6395892464112696 0.8358188980701977 0.8170196350272602 0.9991403762864917 1.2116325145980469 1.1714302442488664 1.378259941565611 1.3812264239416359 1.8892423300512118 1.7030554071407014 2.0455535891985233
2.101598418366578 2.0391533748341986 1.3749910997391108 1.2451132539999668 1.4036229395865147 1.544355685896686 1.4475054451298626 1.1567408616752644 0.8128573238436595 0.5110613920300912 0.3110253548871063 0.08060329821668408
0.03761361697905334 0.02514735871042031 0.015140884807468166 0.009661862756695538 0.009033035344905955 0.009760946546193045 0.01117953254104056 0.013229136981064692 0.01516741447413906 0.014586366381957818 0.013700188923636971 0.013063391792630354
1.9613256209842878 1.7990470336447035 1.668041806683336 1.408711518101334 1.3161910543120254 1.3145425885881064 1.3351001985018456 1.343457778668647 1.3939175731078608 1.2858359757532447 1.1216598273853096 1.1178935987609027
2.4037483228420666 1.761918376189644 1.283200504168878 1.3260756325993424 1.5400328764638027 1.5483404898793895 1.374672831339095 1.0328535421429792 0.7617524227415613 0.48285136692595715 0.3608511564195214 0.20634660727778242
0.04047315536881067 0.022767379747536287 0.011552274812222815 0.009012590522855603 0.009334098648360612 0.01025868214167515 0.011684334030485478 0.01410809461438282 0.01542190755179674 0.014796207544274145 0.013768143422173038 0.012461167348871887
2.1549817461210345 1.8799294434409517 1.4877338671940277 1.3263826747336633 1.311731480431357 1.2891290360753085 1.2926908445750527 1.3598768907246992 1.3902830412622518 1.269890492589172 1.117766365470725 1.0686132166208355
2.3184892516186375 1.3699690794986172 1.2933878456394632 1.4561027133202231 1.6187043062922197 1.5362250558772048 1.294527307133351 0.9777371947626315 0.7045739655373834 0.482426702901144 0.41330738428651614 0.31692337775371016
0.03988732056290648 0.016543539390369278 0.009816904523992805 0.009344335710282967 0.009879055126720033 0.010648220652064649 0.012175882968366747 0.014083421485808397 0.015732618882297687 0.015196270909479748 0.014530877243348105 0.012398467791151474
2.3158703352801204 1.6762124413767323 1.3622878473876026 1.31778326633189 1.3130598499901664 1.265347375126865 1.268689612405851 1.3489977130644364 1.3781989654534872 1.2870263622991556 1.160561434775999 1.0711587345642093
1.5824753731275258 1.2716342113650005 1.3965505427533267 1.515971175914997 1.550669120643266 1.495764078768567 1.3339141512370927 0.9799258056882116 0.7497947427395388 0.45108400682737304 0.35851779167151604 0.2907651654192892
0.02454665640384778 0.012226329095777089 0.010060885367715164 0.009914103846945788 0.010511720099603635 0.010862065497815368 0.01253337243007418 0.014430159379360066 0.015708684123439 0.01555121644208427 0.015436049820986035 0.013522112587839724
1.9455451307289127 1.4725495524883052 1.3575486332572504 1.311287812537703 1.2770333955140463 1.2087678179979162 1.2610217095353125 1.3373418310369474 1.3615904643153365 1.2884067853497132 1.2138664609938588 1.1213574166252231
0.7492006323769053 1.0354933460079054 1.3648984083956022 1.610300648236016 1.709212686017158 1.8306141663695081 1.653180021349531 1.5430165996181024 1.2562572537284262 0.9986845651258295 0.8051796192236899 0.7371539610148079
0.011501097868482878 0.010984077379491372 0.01101788625696554 0.013051338873105469 0.013461665682615595 0.01456228062838397 0.015592397600606848 0.016435594881432144 0.01780275485395879 0.01827881741272663 0.019324494101002447 0.019877288279488984
1.0119005519954232 1.1246751252836569 1.19867311005772 1.3866394970375666 1.4590855943989702 1.593488827934821 1.6847728110255442 1.71301165420278 1.7232846001910813 1.6263012187530732 1.5278576136850088 1.4369506031599437
